
$orca_opt_file

$trust
    0.300000000000

$epredict
    0.000000000000

$ediffsc
  1000.000000000000

$ctyp
  3

$coordinates
 4 9
  -6.39959535   5.15352883   0.02823251  -4.53003259   5.08840887  -0.01993661
  -6.94640650   3.71469135  -1.03596676
  -6.39435233   5.14757231   0.02382690  -4.57268517   5.06863062  -0.03456500
  -6.90899694   3.74042612  -1.01693277
  -6.39541368   5.14878011   0.02472023  -4.57095747   5.06870752  -0.03450812
  -6.90966329   3.73914142  -1.01788297
  -6.39583769   5.14926211   0.02507672  -4.57134647   5.06812482  -0.03493910
  -6.90885028   3.73924212  -1.01780849

# redundant internal coordinates
#  nbonds nangles ndihedrals nimpropers ncartesians
# bond  definitions A B
# angle definitions A B C
# dihedral definitions A B C D
# improper torsion definitions A B C D
# cartesian definitions A x/y/z
$redundant_internals
 2 1 0 0 0
   1   0   0
   2   0   0
   1   0   2   0   0
$energies
 4
 -76.3200956417853291
 -76.3211685965560491
 -76.3211731929909405
 -76.3211735984741182

$gradients
 4 9
  -0.0123140772141117   0.0139970032146621   0.0103528604929778   0.0221052085144050
   0.0020664465061579   0.0015278218576583  -0.0097911313022169  -0.0160634497206666
  -0.0118806823506417
   0.0012464595786739  -0.0014184367814027  -0.0010481014242808  -0.0014187104274868
   0.0002562016786138   0.0001886680380993   0.0001722508481271   0.0011622351031010
   0.0008594333861800
   0.0001765286424200  -0.0002005955515674  -0.0001473355917880   0.0000420172196971
   0.0001739776582247   0.0001278507334136  -0.0002185458595789   0.0000266178938235
   0.0000194848583465
   0.0000561197618471  -0.0000638424277315  -0.0000461679073139   0.0000458551008576
   0.0000735358854575   0.0000535536131145  -0.0001019748617096  -0.0000096934591393
  -0.0000073857058110

$redundant_coords
 4 3
   1.8713165879825082   1.8713032406902108   1.8240337455378832
   1.8243115548762672   1.8243081341654448   1.8029333755944856
   1.8271727040643044   1.8271714057005981   1.8015607643989404
   1.8272803170186251   1.8272788096498844   1.8001155129593054

$redundant_gradients
 4 3
   0.0219729884673361   0.0219689155191978   0.0065962668518228
  -0.0014340340623461  -0.0014351091200960   0.0004413680682793
   0.0000299406094838   0.0000301007431851   0.0003991154225399
   0.0000405223931801   0.0000405634283614   0.0001715939250731

$hessian_approx
 9 9
                  0          1          2          3          4          5    
      0       0.542866   0.044291   0.032748  -0.474834   0.043274   0.032009
      1       0.044291   0.325744   0.240938   0.028091  -0.031358  -0.023196
      2       0.032748   0.240938   0.178213   0.020780  -0.023199  -0.017161
      3      -0.474834   0.028091   0.020780   0.502344  -0.003509  -0.002595
      4       0.043274  -0.031358  -0.023199  -0.003509   0.030863   0.022828
      5       0.032009  -0.023196  -0.017161  -0.002595   0.022828   0.016887
      6      -0.068031  -0.072382  -0.053529  -0.027510  -0.039764  -0.029414
      7      -0.087564  -0.294386  -0.217739  -0.024584   0.000495   0.000367
      8      -0.064758  -0.217742  -0.161050  -0.018186   0.000371   0.000275
                   6          7          8    
      0      -0.068031  -0.087564  -0.064758
      1      -0.072382  -0.294386  -0.217742
      2      -0.053529  -0.217739  -0.161050
      3      -0.027510  -0.024584  -0.018186
      4      -0.039764   0.000495   0.000371
      5      -0.029414   0.000367   0.000275
      6       0.095542   0.112146   0.082942
      7       0.112146   0.293890   0.217372
      8       0.082942   0.217372   0.160776

$bmatrix
 3 9
                  0          1          2          3          4          5    
      0      -0.998474   0.044403   0.032844   0.998474  -0.044403  -0.032844
      1       0.280752   0.771650   0.570731   0.000000   0.000000   0.000000
      2       0.495026  -0.562847  -0.416297   0.030226   0.439319   0.324931
                   6          7          8    
      0       0.000000   0.000000   0.000000
      1      -0.280752  -0.771650  -0.570731
      2      -0.525251   0.123528   0.091366

